0 0
1 0
2 0
3 0
4 0
5 0
6 0
7 0
8 0
9 0
10 0
11 0
12 0
13 0
14 0
15 0
16 0
17 0
18 0
19 0
20 0
21 0
22 0
23 0
24 0
25 0
26 0
27 0
28 0
29 0
30 0
31 0
32 0
33 0
34 0
35 0
36 0
37 0
38 0
39 0
40 0
41 0
42 0
43 0
44 0
45 0
46 0
47 0
48 0
49 0
50 0
51 0
52 0
53 0
54 0
55 0
56 0
57 0
58 0
59 0
60 0
61 0
62 0
63 0
64 0
65 0
66 0
67 0
68 1
69 0
70 1
71 0
72 0
73 0
74 0
75 0
76 0
77 0
78 0
79 1
80 0
81 0
82 1
83 0
84 1
85 0
86 0
87 1
88 2
89 1
90 0
91 0
92 0
93 0
94 1
95 1
96 1
97 1
98 1
99 0
100 1
101 1
102 0
103 1
104 2
105 1
106 1
107 0
108 0
109 1
110 1
111 1
112 1
113 2
114 2
115 1
116 2
117 2
118 2
119 3
120 2
121 1
122 1
123 1
124 1
125 2
126 2
127 1
128 1
129 1
130 1
131 2
132 1
133 3
134 2
135 1
136 2
137 1
138 1
139 1
140 2
141 2
142 2
143 1
144 2
145 2
146 2
147 2
148 2
149 1
150 2
151 1
152 1
153 0
154 1
155 2
156 2
157 2
158 1
159 2
160 3
161 2
162 3
163 2
164 3
165 2
166 3
167 1
168 0
169 1
170 2
171 2
172 2
173 1
174 1
175 2
176 1
177 3
178 3
179 3
180 3
181 2
182 3
183 1
184 1
185 2
186 2
187 3
188 3
189 3
190 3
191 3
192 2
193 3
194 3
195 1
196 1
197 1
198 3
199 3
